morgan stanley                                                                                                     機密


式で、77は標準偏差の対角行列であり、6は相関行列です。EUの共分散行列の場合、

```
1.00    0.66     0.42     0.56     0.70     0.68     0.60
0.66    1.00     0.67     0.65     0.76     0.48     0.66
0.42    0.67     1.00     0.53     0.57     0.32     0.50
0.56    0.65     0.53     1.00     0.91     0.46     0.81
0.70    0.76     0.57     0.91     1.00     0.58     0.91
0.68    0.48     0.32     0.46     0.58     1.00     0.58
0.60    0.66     0.50     0.81     0.91     0.58     1.00
```

米国の共分散行列の場合、

```
1.00    0.96     0.92     0.88     0.81     0.66     0.61     0.98     0.93     0.88     0.81     0.70     0.62
0.96    1.00     0.96     0.92     0.87     0.72     0.67     0.96     0.97     0.92     0.87     0.76     0.68
0.92    0.96     1.00     0.96     0.93     0.80     0.75     0.92     0.98     0.96     0.93     0.84     0.76
0.88    0.92     0.96     1.00     0.96     0.87     0.82     0.87     0.96     0.99     0.97     0.91     0.84
0.81    0.87     0.93     0.96     1.00     0.93     0.90     0.80     0.92     0.96     0.99     0.96     0.91
0.66    0.72     0.80     0.87     0.93     1.00     0.95     0.65     0.79     0.87     0.92     0.96     0.96
0.61    0.67     0.75     0.82     0.90     0.95     1.00     0.61     0.74     0.82     0.89     0.94     0.97
0.98    0.96     0.92     0.87     0.80     0.65     0.61     1.00     0.93     0.87     0.81     0.70     0.61
0.93    0.97     0.98     0.96     0.92     0.79     0.74     0.93     1.00     0.96     0.92     0.83     0.75
0.88    0.92     0.96     0.99     0.96     0.87     0.82     0.87     0.96     1.00     0.97     0.91     0.83
0.81    0.87     0.93     0.97     0.99     0.92     0.89     0.81     0.92     0.97     1.00     0.95     0.90
0.70    0.76     0.84     0.91     0.96     0.96     0.94     0.70     0.83     0.91     0.95     1.00     0.96
0.62    0.68     0.76     0.84     0.91     0.96     0.97     0.61     0.75     0.83     0.90     0.96     1.00
```

まず、相関行列の非対角要素をG [0., 1.08]で乗算します（1.08を超えることはできません）。相関がゼロまたは小さい場合、図（62）、図[63]ではモデルは各資産のポジションを大幅に清算することで分散を減少させます。相関が増加する場合、図で長期と短期製品が自己ヘッジとなるため、分散を減少させるためにはより小さなヘッジ注文が必要になり、エンドポイントも大きくなります。次に、SHTZとの他の製品の相関をT [0., 1.2]で乗算します。その場合、以前と同様の効果がSHTZにも見られます。CRBについては、2Y債券を使用して同じ手順を実行します。制約セットAの場合、相関が小さいとき、最適化はポートフォリオのエンドポイントに対して小さな値に傾きます。制約セットBの場合、エンドポイントは相関に対して比較的不感です。

2024年10月31日: Opt-Var                                                                                                ページ82の136

                            [git] 「分岐:iropt-var@be27d1a = 発行:(2024-10-31)
